Ùn{
    "avgAge": 5.431299329542561,
    "maxAge": 55.0,
    "minAge": -7.0,
    "stdevAge": 3.909524796635003
}